-             	/*路径分隔符*/
  01:						/*机器人编号，01代表01号机器人，具体信息在程序中已声明*/
    0.11,0.22;	/*路径路点坐标（x,y;),其中0.11为x，0.22为y，以‘,’隔开，路点与路点之间用‘;’隔开*/
    1.11,1.22;
    2.11,2.22;
    2.11,3.5;
    4.11,4.22;
    5.11,5.22;
    6.7,6.22;
    7.11,7.22;
    8.11,7.22;
    9.11,7.4;
    10.11,10.22;
    11.11,6.22;
    12.11,12.22;
    5.11,13.22;
    14.11,4.22;
    15.11,0.22;

-             	/*路径分隔符*/
  02:
    0.3,0.5;
    0.3,0.5;
    0.3,0.5;
    0.3,0.5;
    0.3,0.5;
    0.3,0.5;
    0.3,0.5;
    0.3,0.5;

-
